0011101111101111110010110011001010010110010000000010011010011001
1000001011001010111110011110000011010011101000010100111100111011
0000000000100111000111011100110001000000001001111101110011111110
0100000110011101000111101101100000010101100001000001000011011101
0000101000111001010111000111001100110111110000001000000111010100
0100010000110101111011110100001010111101111000110101011010000100
1010110011000000001000110011010101010001100010101111101000011111
0100000000101110011100100111111000000010111000111111011101111101
0011110001011000101001010011010001111010011001100111101000111000
0010111110100000100100100111111011001111111001100110111011101100
0000000101101010010111010111011100101011101101100110111000000100
1001100010010001100101111010010001101111110111110011101001001100
1010110101011010011110111001011111111000010110011000010001001011
0010101010101111100010100000000001100111110011111010101110101011
0001111111100110101111011111010101000101111010100110000001011101
0000100010001010101101110111101100100100110111101010101110000011
1001110100000111110001011100110001111011100110011011011101111011
1000110001000100111100000100100100101100101000000010001111101000
0100100101110000110001101011011011010001111001101111100111111100
1010000111011011011001100100100111110000111011100111110100011111
1010110101110001000011110110001101100110100000000110101000101101
1110010010101101011011010111101010110110111011101010011011101000
1101001001100011100101111000110001110011010010100110110111001011
1110000010010011110110011101011000110010100000100101110000011111
0011010101001001100110001100100101110100010110111110000000111101
1111010110001011001001111110111101111110000101010111010000011000
1101000001101011111100100110101011101011100011111000011001111011
1111110111101000010101110101100010010010010111111001000101101000
1110110110000100100111000100101111001010100100001110011000011110
1111010010001111101010110100001011001000001101101111001001000111
1110010010000101001111001101111010111011010000001010000011110101
0111101011111110100111111110100001000111001101100100101111111110
0101101110101001000000101000001011110100001001000100111000111010
0110001111011111100001001100111111000000100011100001001010010100
0111000001101110011100111101000110010111110110010000001000100110
0000110101111011110111100000011011111111000100100010010101110001
1000010000010011100101101100101100110010011110110010110101100011
1100110011001110010001110000110011101010111011000011011101100010
0111110110110111010001000000111110010111111011101110010010001110
1000100110011101111000100111101111011111000110101110011000110001
1110101100110011010001011100001010110000100111110101010111001111
0010110000111101010010111100110100110010000100000000110000011100
1111111101010110011101101011110111011000010011010101010011100011
1010101111010001100110100000001001001000000011001101100000000001
1100100011000111111111000101000100011100001100000010101010010001
0011011101001101100100011001011000110010110110000011101010111011
0001111111101100011010000101100010010000001000001101000110010110
1001101000111000010111011011101111100011110011001000100011011010
1111001110111010010110101000110100001100110000000111010000111001
1000011000101100110010010010100111101111001000111110111100001001
0100011001101100011000100110110100111001110100111110001010000011
1110011101101010100110101011000100011110010100001000111011101001
1010011101001000000101001110101110100110010110001100000110101110
1010111111100001001001001110111000001100100101111001001001000011
1001111111000101100011011011100101100100110100011101100110000111
0101011110111001001000100000111110010110001011001100110110100011
1111001010000000110010111001111110011001011110000001011101110111
1101100110011101100011111011001010101001110110010001111001011001
0111011100001100101110110110100101011011101111100000111101010010
1010010001110001001010000011101111001000100101111001111000000001
0001110011000000001010110000000101011101100110001101000011110001
1101101011110001100111010111111000001000010111010000000011110010
0111001011011110001101011010111011010100111100000010100111101011
0000001010101010001110111001011000011011001001001001111111111110
0001011000000011111111011000011011001101000110101010000110100000
1010111000000110111010111110010000100100001101101001000100110110
1101111000100101001010101010101000100001101101011100111010000011
0111001101010110001011001010000000001001001111111010000000110010
1101010111111110011110101001100100101100000011011111111100110010
0001010000101000001111010001100011010110110111100001001101001111
0110111111101101100001101100001100101011001100111100111011001000
0111000001001011100000010010011010110110011010011111000111011111
1110010100011101011000111111100000011011111000101001011011010100
1100101000101100000011001110001000101110010100111100000100100100
1010000101101000101100001010011011000111011101111001011101000101
0001100001011010010100101011011011011101101010101111010010001001
0111100111001101100101100100110001001110110101000000100000101010
1110100110010010010010111010000010110010111111100001010111101101
0100111100110000100110110000100101110110111010001000111100001111
1111010000010111000110010100101010011110111001000011111001010000
0110010011000000010000111111110110010001010101100100000111001011
1000001001010001101101011011100100100110111110101100010110100101
1000101111110000010000101000001011000111000101100110100000010011
1110001011001000100000000000101100111000111010011011011101001111
1000110001000011110000100011100011000011011110100101011111110000
1011001000001101100011101110001001011000001100010000111010001110
1100111000001000011100100100100000000111111011111111000011001100
0010001101101100001101000111000101110011000101010011101110110101
1010011100110011001100000101110000010111100010101000101101111010
0001111011111010110001100100100111011000101010100001110011110010
0101101100101011010111110011000111110010010001100101011011000010
0111101100110100110010011111011011101100001011000111000011111111
0100001000000101110011001011001100011000000101100111001101101010
0100110000111111111000111101100000101010011101011100111101110100
0000010000100100001010000110011111001010101101100100011111001010
1000000001011111110000101000010010100101010100111100001001111000
0100110111111101101011101011100011100111000100111011000010100110